4
-3 1 0 0
0 2 5 0
-3 -4 -5 -2
3 -2 1 -1

9
-5 -5 0 0 0 0 0 0 0
3 3 0 0 0 0 0 0 0
-5 0 -4 5 0 0 0 0 0
-4 2 -5 4 0 0 0 0 0
-3 -4 1 4 -4 3 0 0 0
-5 -3 4 2 4 -2 2 0 0
4 0 -1 -1 3 1 6 -5 0
0 2 2 -5 -2 0 1 3 -4
-5 3 -5 3 1 0 -3 1 -4

8
-3 4 2 -3 2 3 4 3
-3 4 -1 1 -4 -5 -1 0
-6 8 1 -1 1 3 -3 -5
-12 16 2 -3 4 -2 -3 4
-24 32 4 -6 3 -3 -1 -2
-48 64 8 -12 6 -4 3 -3
-96 128 16 -24 12 -8 -1 4
2 -1 -3 -4 -5 4 1 -5
79 -51 -29 33 2 59 149 -59

9
1	1	1	1	1	1	1	1	1
1	2	4	8	16	32	64	128	256
1	3	9	27	81	243	729	2187	6561
1	4	16	64	256	1024	4096	16384	65536
1	5	25	125	625	3125	15625	78125	390625
1	6	36	216	1296	7776	46656	279936	1679616
1	7	49	343	2401	16807	117649	823543	5764801
1	8	64	512	4096	32768	262144	2097152	16777216
1	9	81	729	6561	59049	531441	4782969	43046721
9 511 9841 87381 488281 2015539 6725601 19173961 48427561
